                                      TRIACONTAGONAL REPRESENTATION OF THE 600-CELL
  
The rays of the 600-cell are represented as points lying on four concentric circles, with each circle containing 15 points
The points on each of the circles, along with the radii of the circles and the angular position of the first point on each circle are as below:

                 POINTS      RADIUS        ANGLE 
                  1-15       1.0000        0(24)  
                 16-30       0.8135        6(24)
                 31-45       0.6728        6(24)
                 46-60       0.3383        0(24)

The bases of the 600-cell are given below, in the old and the new numbering            

     #               OLD                    NEW  
     1        1    2    3    4        1   12   51   52 
     2        5    6    7    8       59   14   25   40 
     3        9   10   11   12       24   26   36   44 
     4       13   14   15   16       37   58   10   28 
     5       17   18   19   20       15   48   18   42 
     6       21   22   23   24       53   23    5   32 
     7       25   26   27   28       39   19   31   21 
     8       29   30   31   32       46    7   47   11 
     9       33   34   35   36        9   20   54   35 
    10       37   38   39   40        8   27   33   50 
    11       41   42   43   44       22   43    3   60 
    12       45   46   47   48       55   17   13   38 
    13       49   50   51   52       57   56    2    6 
    14       53   54   55   56       30   45   49    4 
    15       57   58   59   60       16   29   34   41 
    16       31   42   51   16       47   43    2   28 
    17       38   24   58   25       27   32   29   39 
    18       56   45   17   35        4   55   15   54 
    19       43   54    3   28        3   45   51   21 
    20       50   36   10   37       56   35   26    8 
    21        8   57   29   47       40   16   46   13 
    22       55    6   15   40       49   14   10   50 
    23        2   48   22   49       12   38   23   57 
    24       20    9   41   59       42   24   22   34 
    25        7   18   27   52       25   48   31    6 
    26       14   60   34    1       58   41   20    1 
    27       32   21   53   11       11   53   30   36 
    28       19   30   39    4       18    7   33   52 
    29       26   12   46   13       19   44   17   37 
    30       44   33    5   23       60    9   59    5 
    31       22   60   39   28       23   41   33   21 
    32       18   47   33   55       48   13    9   49 
    33       13   32   50   41       37   11   56   22 
    34       34   12   51   40       20   44    2   50 
    35       30   59   45    7        7   34   55   25 
    36       25   44    2   53       39   60   12   30 
    37       46   24    3   52       17   32   51    6 
    38       42   11   57   19       43   36   16   18 
    39       37   56   14    5        8    4   58   59 
    40       58   36   15    4       29   35   10   52 
    41       54   23    9   31       45    5   24   47 
    42       49    8   26   17       57   40   19   15 
    43       10   48   27   16       26   38   31   28 
    44        6   35   21   43       14   54   53    3 
    45        1   20   38   29        1   42   27   46 
    46       57   23   27   40       16    5   31   50 
    47       36   53   20   46       35   30   42   17 
    48       43   49   30   14        3   57    7   58 
    49        9   35   39   52       24   54   33    6 
    50       48    5   32   58       38   59   11   29 
    51       55    1   42   26       49    1   43   19 
    52       21   47   51    4       53   13    2   52 
    53       60   17   44   10       41   15   60   26 
    54        7   13   54   38       25   37   45   27 
    55       33   59    3   16        9   34   51   28 
    56       12   29   56   22       44   46    4   23 
    57       19   25    6   50       18   39   14   56 
    58       45   11   15   28       55   36   10   21 
    59       24   41    8   34       32   22   40   20 
    60       31   37   18    2       47    8   48   12 
    61       44   29   15   52       60   46   10    6 
    62       59   26   37   21       34   19    8   53 
    63       34   19   48   54       20   18   38   45 
    64       56   41   27    4        4   22   31   52 
    65       11   38   49   33       36   27   57    9 
    66       46   31   60    6       17   47   41   14 
    67        8   53   39   16       40   30   33   28 
    68       23   50    1   45        5   56    1   55 
    69       58   43   12   18       29    3   44   48 
    70       20    5   51   28       42   59    2   21 
    71       35    2   13   57       54   12   37   16 
    72       10   55   24   30       26   49   32    7 
    73       32   17    3   40       11   15   51   50 
    74       47   14   25    9       13   58   39   24 
    75       22    7   36   42       23   25   35   43 


                              PLOT A
                   1       1     5    55    56
                   2       1    12    51    52
                   3       2     6    56    57
                   4       2    13    52    53
                   5       3     7    57    58
                   6       3    14    53    54
                   7       4     8    58    59
                   8       4    15    54    55
                   9       5     9    59    60
                  10       6    10    46    60
                  11       7    11    46    47
                  12       8    12    47    48
                  13       9    13    48    49
                  14      10    14    49    50
                  15      11    15    50    51

                              PLOT B
                   1      16    18    36    43
                   2      16    29    34    41
                   3      17    19    37    44
                   4      17    30    35    42
                   5      18    20    38    45
                   6      19    21    31    39
                   7      20    22    32    40
                   8      21    23    33    41
                   9      22    24    34    42
                  10      23    25    35    43
                  11      24    26    36    44
                  12      25    27    37    45
                  13      26    28    31    38
                  14      27    29    32    39
                  15      28    30    33    40