    1  2  3  4     5  6  7  8     9 10 11 12    13 14 15 16    17 18 19 20  
   21 22 23 24    25 26 27 28    29 30 31 32    33 34 35 36    37 38 39 40  
   41 42 43 44    45 46 47 48    49 50 51 52    55 54 55 56    57 58 59 60  

    1  2 15 16     5  6 31 32     9 11 18 20     5  7 14 16     1  3 22 24  
   21 22 35 36    25 28 46 48    29 32 38 40    13 15 34 36     9 11 26 28  
   41 42 54 56    45 46 53 56     9 12 49 52    33 36 42 44    17 20 43 44 
 
    3  4 25 26     7  8 17 18    19 20 29 30     5  7 34 36     1  4 42 43  
   21 24 47 48    26 27 57 58     6  7 49 51     9 12 38 39    17 20 54 56  
   42 44 58 59    22 23 54 55     9 10 23 24    13 14 27 28    37 38 55 56  

    1  4 51 52     5  8 46 47     9 10 35 36    13 16 55 56    29 32 58 60  
   21 23 30 32    18 20 25 27     1  3 30 32    33 36 57 60    37 39 58 60  
   41 44 51 52    45 48 50 52    37 40 49 52    14 15 37 38    45 47 59 60  

    3  4 13 14     7  8 29 30    10 12 17 19     6  8 13 15     2  4 21 23  
   23 24 33 34    26 27 45 47    30 31 37 39    14 16 33 35    10 12 25 27 
   43 44 53 55    47 48 54 55    10 11 50 51    34 35 41 43    18 19 41 42  

    1  2 27 28     5  6 19 20    17 18 31 32     6  8 33 35     2  3 41 44  
   22 23 45 46    25 28 59 60     5  8 50 52    10 11 37 40    18 19 53 55  
   41 43 57 60    21 24 53 56    11 12 21 22    15 16 25 26    39 40 53 54 
 
    2  3 49 50     6  7 45 48    11 12 33 34    14 15 53 54    30 31 57 59  
   22 24 29 31    17 19 26 28     2  4 29 31    34 35 58 59    38 40 57 59  
   42 43 49 50    46 47 49 51    38 39 50 51    13 16 39 40    46 48 57 58  

       1              2              3              4              5   
       6              7              8              9             10   
      11             12             13             14             15   

      16             29             42             30             18   
      68             76             80             53             43   
      94            100             45             84             62 
  
      27             38             67             31             20   
      70             79             35             44             63   
      98             73             40             52             88   

      21             32             41             55             81   
      69             66             19             85             89   
      96            102             90             56            101   

      26             39             48             36             24  
      75             78             82             58             49   
      99            105             47             86             64   

      17             28             60             37             22   
      72             77             33             46             65   
      95             71             50             59             93  
 
      23             34             51             57             83   
      74             61             25             87             92   
      97            103             91             54            104   
